$ 1 0.000005 10.20027730826997 57 5 50 5e-11
v 96 256 96 112 0 1 40 5 0 0 0.5
g 96 256 96 304 0 0
r 96 112 192 112 0 100000
r 192 112 336 112 0 47000
w 400 144 400 192 0
w 192 112 192 144 0
w 192 144 192 176 0
a 192 192 336 192 8 15 -15 1000000 1.7948245734016137 1.794871794871795 100000
O 400 192 464 192 0 0
w 160 208 192 208 0
r 336 192 400 192 0 100
w 336 112 400 112 0
w 400 112 400 144 0
v -64 256 -64 112 0 0 40 5 0 0 0.5
w -64 256 -64 288 0
r -16 16 -16 80 0 100000
w -64 112 -64 -16 0
w -64 -16 -16 -16 0
w -16 -16 -16 16 0
w -16 272 -16 288 0
w 160 272 160 208 0
g -64 288 -64 336 0 0
g -16 288 -16 336 0 0
r -16 272 -16 192 0 56000
w -16 80 -16 128 0
w -16 128 32 128 0
w -16 128 -16 192 0
w 32 128 32 272 0
w 32 272 160 272 0
o 0 64 0 4098 5 0.025 0 2 0 3
o 8 64 0 12290 4.98838810927245 0.0001 1 1
