$ 1 0.000005 49.687244006919805 57 5 50 5e-11
v 0 256 0 112 0 1 20 2.5 2.5 0 0.5
g 0 256 0 304 0 0
r 96 112 192 112 0 47000
r 192 144 336 144 0 100000
w 336 144 336 192 0
w 192 112 192 144 0
w 192 144 192 176 0
w 0 256 96 256 0
w 192 208 192 256 0
a 192 192 336 192 8 15 -15 1000000 0.00004430844133187901 0 100000
O 448 192 512 192 0 0
w 96 256 192 256 0
w 0 112 96 112 0
c 336 192 400 192 0 0.000001 -5.759550985813476 0.001
w 192 256 416 256 0
r 416 192 416 256 0 100000
w 400 192 416 192 0
w 416 192 448 192 0
o 0 64 0 4098 5 0.025 0 2 0 3
o 10 64 0 12290 5.348896810154992 0.0001 1 1
